homeassistant_latitude: 000.0000000
homeassistant_longitude: 000.0000000